6839 10265 14042 1452 
2909 1983 -113 3105 
15244 14991 15199 3927 
-3098 11620 16780 8184 
-1270 17243 15107 16453 
16402 16773 7179 6671 
16669 17167 10827 17503 
17006 866 17414 12813 
15315 -5197 16883 14544 
11073 16608 16745 9954 
16792 14539 10642 205 
2211 15801 6878 11053 
14583 7179 1791 18058 
9620 10332 17082 16260 
15805 17024 6032 16617 
4530 701 14679 14273 
-1139 14875 -4715 7475 
17242 15705 12327 15103 
2479 3844 16561 15639 
-6256 -703 12524 15574 
14341 3247 8062 18130 
-1979 15654 11642 -583 
-2539 9339 14900 16873 
4581 -5873 16496 9686 
7561 5613 7314 6165 
