7205 14715 0 0
7538 14547 0 0
8513 13999 0 0
4778 15672 0 0
4778 15672 0 0
5487 15438 0 0
4420 15776 0 0
4420 15776 0 0
7538 14547 0 0
10340 12709 0 0
7867 14372 0 0
2967 16113 0 0
4420 15776 0 0
6868 14875 0 0
10048 12941 0 0
5134 15559 0 0
3698 15961 0 0
10340 12709 0 0
11453 11716 0 0
9751 13167 0 0
11974 11183 0 0
12709 10340 0 0
6527 15028 0 0
6184 15172 0 0
8829 13801 0 0
10048 12941 0 0
6868 14875 0 0
9448 13385 0 0
8829 13801 0 0
6527 15028 0 0
11183 11974 0 0
6527 15028 0 0
10048 12941 0 0
746 16367 0 0
10340 12709 0 0
10048 12941 0 0
7538 14547 0 0
7867 14372 0 0
10048 12941 0 0
4060 15873 0 0
8192 14189 0 0
8192 14189 0 0
7538 14547 0 0
1861 16278 0 0
5837 15309 0 0
9448 13385 0 0
5837 15309 0 0
6527 15028 0 0
8513 13999 0 0
6527 15028 0 0
3698 15961 0 0
11453 11716 0 0
8513 13999 0 0
7205 14715 0 0
10907 12225 0 0
11974 11183 0 0
8513 13999 0 0
9141 13597 0 0
4060 15873 0 0
7867 14372 0 0
5487 15438 0 0
4060 15873 0 0
7205 14715 0 0
7867 14372 0 0
4778 15672 0 0
8829 13801 0 0
3333 16041 0 0
6868 14875 0 0
9141 13597 0 0
8829 13801 0 0
8513 13999 0 0
7867 14372 0 0
6184 15172 0 0
5134 15559 0 0
9448 13385 0 0
8192 14189 0 0
0 16384 0 0
4778 15672 0 0
7205 14715 0 0
9448 13385 0 0
8513 13999 0 0
6527 15028 0 0
5134 15559 0 0
9751 13167 0 0
1118 16346 0 0
8513 13999 0 0
4778 15672 0 0
746 16367 0 0
2967 16113 0 0
6527 15028 0 0
8513 13999 0 0
9751 13167 0 0
2231 16231 0 0
2967 16113 0 0
10626 12471 0 0
7205 14715 0 0
6527 15028 0 0
6868 14875 0 0
4778 15672 0 0
3333 16041 0 0
