7234 14700 0 0
5433 15457 0 0
7813 14401 0 0
4814 15661 0 0
4814 15661 0 0
5433 15457 0 0
3236 16061 0 0
3872 15920 0 0
3555 15994 0 0
8379 14079 0 0
3872 15920 0 0
1626 16303 0 0
3872 15920 0 0
3872 15920 0 0
6644 14976 0 0
4814 15661 0 0
3555 15994 0 0
6644 14976 0 0
8932 13735 0 0
6941 14841 0 0
9204 13555 0 0
8658 13910 0 0
6644 14976 0 0
4502 15753 0 0
4188 15840 0 0
5739 15346 0 0
6043 15229 0 0
6941 14841 0 0
3872 15920 0 0
6644 14976 0 0
7234 14700 0 0
5125 15562 0 0
7525 14554 0 0
651 16371 0 0
7234 14700 0 0
7525 14554 0 0
6345 15105 0 0
2916 16122 0 0
6043 15229 0 0
2273 16226 0 0
4188 15840 0 0
4502 15753 0 0
6043 15229 0 0
0 16384 0 0
4814 15661 0 0
7234 14700 0 0
4814 15661 0 0
6043 15229 0 0
6043 15229 0 0
6644 14976 0 0
2595 16177 0 0
6941 14841 0 0
9204 13555 0 0
5739 15346 0 0
7525 14554 0 0
8932 13735 0 0
4814 15661 0 0
5433 15457 0 0
3872 15920 0 0
5739 15346 0 0
3236 16061 0 0
4502 15753 0 0
3236 16061 0 0
5125 15562 0 0
3872 15920 0 0
5125 15562 0 0
5125 15562 0 0
5125 15562 0 0
4814 15661 0 0
7525 14554 0 0
5433 15457 0 0
5739 15346 0 0
3872 15920 0 0
3555 15994 0 0
6941 14841 0 0
5739 15346 0 0
651 16371 0 0
5125 15562 0 0
5125 15562 0 0
6345 15105 0 0
7234 14700 0 0
3236 16061 0 0
4502 15753 0 0
6644 14976 0 0
977 16355 0 0
6941 14841 0 0
5739 15346 0 0
651 16371 0 0
651 16371 0 0
6345 15105 0 0
6043 15229 0 0
7234 14700 0 0
1950 16268 0 0
2273 16226 0 0
7525 14554 0 0
5125 15562 0 0
4502 15753 0 0
6941 14841 0 0
5125 15562 0 0
2273 16226 0 0
