5063 15582 0 0
6976 14825 0 0
9630 13255 0 0
3070 16094 0 0
4075 15869 0 0
2053 16255 0 0
2053 16255 0 0
4075 15869 0 0
10444 12624 0 0
10444 12624 0 0
9630 13255 0 0
6031 15233 0 0
0 16384 0 0
7893 14357 0 0
11943 11216 0 0
6976 14825 0 0
2053 16255 0 0
11943 11216 0 0
13255 9630 0 0
11216 11943 0 0
13255 9630 0 0
12624 10444 0 0
6031 15233 0 0
5063 15582 0 0
10444 12624 0 0
11216 11943 0 0
9630 13255 0 0
11943 11216 0 0
10444 12624 0 0
1029 16352 0 0
11216 11943 0 0
9630 13255 0 0
11216 11943 0 0
3070 16094 0 0
12624 10444 0 0
11216 11943 0 0
6976 14825 0 0
10444 12624 0 0
13255 9630 0 0
8779 13833 0 0
11216 11943 0 0
9630 13255 0 0
6976 14825 0 0
5063 15582 0 0
2053 16255 0 0
11216 11943 0 0
6031 15233 0 0
8779 13833 0 0
9630 13255 0 0
6031 15233 0 0
4075 15869 0 0
13255 9630 0 0
7893 14357 0 0
6976 14825 0 0
13255 9630 0 0
13255 9630 0 0
9630 13255 0 0
11216 11943 0 0
6976 14825 0 0
11943 11216 0 0
4075 15869 0 0
3070 16094 0 0
9630 13255 0 0
8779 13833 0 0
1029 16352 0 0
11216 11943 0 0
0 16384 0 0
6031 15233 0 0
11216 11943 0 0
11943 11216 0 0
9630 13255 0 0
10444 12624 0 0
2053 16255 0 0
4075 15869 0 0
11216 11943 0 0
10444 12624 0 0
2053 16255 0 0
1029 16352 0 0
9630 13255 0 0
9630 13255 0 0
9630 13255 0 0
2053 16255 0 0
6976 14825 0 0
13255 9630 0 0
4075 15869 0 0
11216 11943 0 0
10444 12624 0 0
5063 15582 0 0
2053 16255 0 0
6976 14825 0 0
8779 13833 0 0
11216 11943 0 0
6976 14825 0 0
0 16384 0 0
12624 10444 0 0
6976 14825 0 0
5063 15582 0 0
5063 15582 0 0
6976 14825 0 0
6976 14825 0 0
