8858 13783 0 0
8858 13783 0 0
7852 14380 0 0
8858 13783 0 0
8858 13783 0 0
5726 15351 0 0
6806 14903 0 0
6270 15137 0 0
8858 13783 0 0
9344 13458 0 0
7334 14651 0 0
8858 13783 0 0
6270 15137 0 0
7852 14380 0 0
9819 13116 0 0
7334 14651 0 0
6806 14903 0 0
9344 13458 0 0
12382 10729 0 0
8858 13783 0 0
10729 12382 0 0
10280 12757 0 0
9344 13458 0 0
7852 14380 0 0
7852 14380 0 0
8858 13783 0 0
11585 11585 0 0
7852 14380 0 0
7334 14651 0 0
8858 13783 0 0
8360 14090 0 0
8858 13783 0 0
10280 12757 0 0
3483 16010 0 0
10280 12757 0 0
11164 11991 0 0
6806 14903 0 0
6806 14903 0 0
11585 11585 0 0
7852 14380 0 0
8360 14090 0 0
8858 13783 0 0
7852 14380 0 0
3483 16010 0 0
6806 14903 0 0
9344 13458 0 0
9344 13458 0 0
9344 13458 0 0
8360 14090 0 0
9344 13458 0 0
7852 14380 0 0
9819 13116 0 0
10280 12757 0 0
7852 14380 0 0
10729 12382 0 0
11164 11991 0 0
6806 14903 0 0
8360 14090 0 0
10280 12757 0 0
8858 13783 0 0
7334 14651 0 0
7852 14380 0 0
7334 14651 0 0
6270 15137 0 0
7334 14651 0 0
11164 11991 0 0
6270 15137 0 0
10280 12757 0 0
8360 14090 0 0
9819 13116 0 0
11585 11585 0 0
8360 14090 0 0
7852 14380 0 0
7852 14380 0 0
8360 14090 0 0
7852 14380 0 0
9819 13116 0 0
5726 15351 0 0
10280 12757 0 0
7852 14380 0 0
7852 14380 0 0
7334 14651 0 0
7852 14380 0 0
9344 13458 0 0
7852 14380 0 0
8858 13783 0 0
9819 13116 0 0
8858 13783 0 0
7852 14380 0 0
7852 14380 0 0
5726 15351 0 0
7852 14380 0 0
8360 14090 0 0
4616 15720 0 0
10729 12382 0 0
9344 13458 0 0
6806 14903 0 0
10280 12757 0 0
8360 14090 0 0
6806 14903 0 0
